0	44720884	37922591	32254911	41803906	41930560	45479467	43823608	39133977	33799732	41700142	56141365	44900503	43891490	36750215	40409734	33515578	42621841	38664667	52003591	44639205	51722625	47284334	44910326	47321729	57854108	52747828	42821305	41605369	40344937	35878744	36165215	38087300	38650714	37908358	49803976	41901255	51675131	44592662	39533085	44712652	44588159	51987273	46899544	47416392	43062272	44327577	59707052	57028473	43557585	45227612	57376315	47301501	47699764	43332844	44440647	45357820	51680231	55236425	46622277	51301370	44496523	41205563	54024942	62857554	36817752	38047702	38127668	38034060	38770855	36167469	40925217	40552640	38793573	51173824	40176355	40851212
44720884	0	32035391	34903353	47656870	46862168	46113525	47264006	46345133	47431158	46964614	51279375	48877165	48457248	48241095	48749970	48577088	50295501	53353249	57427763	52823583	55958817	54765326	56513912	57294829	59140246	57532178	65672615	64331979	58590485	56896806	61715527	62712168	57943474	58136312	53103574	49618269	53685067	51809038	51250961	49352626	49145871	56962345	54636848	54157746	55756906	54841805	60065544	58178837	52308089	52907596	57508523	56761857	56926604	55847998	56511451	57195528	57250551	59254893	53922279	56431428	54957629	55412329	56616542	61197442	52362974	50448058	56508544	56542514	50798857	49490753	49032189	49170354	49022773	49543958	48683661	48346800
37922591	32035391	0	21568372	38860023	39237577	41535718	38190717	36684518	38605167	40469313	46291630	38543778	38151157	42568254	43956821	40090773	42605650	45997224	51069834	45265180	49194330	47677701	48902347	49947678	52935849	50759057	59015440	56652168	52082254	48546561	52585488	54070669	49549811	49665091	46634857	41888726	47361672	44668883	44375260	41903199	41748876	50803318	47502953	46939795	48496433	47628008	54482277	52243668	44547694	45048411	51389590	49369490	49434761	48840905	49652596	49530601	50052542	52374636	46660092	49338215	47812836	48108608	50477509	55767439	44545947	42773407	49264157	49155463	43550666	42262208	39945458	40518877	39797724	43952247	39204808	38762511
32254911	34903353	21568372	0	36807657	37117941	40150804	37567231	34250098	33713377	38049887	47735886	37644782	36644181	38159390	40461759	34877043	40257406	40759362	48381452	41709548	46721964	44150609	43759773	45315934	51770055	48186735	52357034	50074830	46316232	41518237	44908968	46779301	43628297	43379193	44711281	38514790	45777140	41493227	39633088	39443295	39420410	48255992	43854363	43695377	42983769	43143472	53633029	51162066	41223332	41822349	50756100	45211882	45395845	44256497	45248510	44643459	47175744	50217928	43578858	46798519	43513296	42178116	48818471	55882977	39141099	37865441	43120963	43101931	39348672	37310444	37516732	38429113	36839290	44863009	36725248	36566387
41803906	47656870	38860023	36807657	0	20196038	24517085	20525268	20475175	23586574	24455526	31169149	25506079	25204156	43534981	45360714	39801542	42762957	45053267	49034713	43496849	47860597	45591504	46819680	47895077	52129400	49216558	55611151	52652301	49467979	44616010	46496401	49064912	45270642	45200698	47095332	41856821	48255129	44496118	44977585	44123794	44172629	48249783	44892672	44761090	45200770	44826343	52624858	50454463	42955233	43839632	51419161	46575533	46552430	46238058	47324387	46751294	47867781	50541329	44506109	47761574	45276957	44951997	48466778	54627414	44303918	43264798	48315358	48134708	44647469	42977919	30834677	32951960	31738677	36130572	31835781	31275868
41930560	46862168	39237577	37117941	20196038	0	22389263	21397998	21113063	24635426	21518598	30513853	27705253	26753894	42444857	44044956	40217386	43471719	45271605	48656213	43606909	47767117	45094568	45936412	46987275	51821820	48750502	55411431	53132073	49077169	45126784	48629101	50350120	46319838	46333436	46822246	41800941	48027379	43813622	43530777	43718988	43795081	47956965	44700796	44742246	44061600	43693765	52289476	50328569	43168611	44241288	51161717	46347043	46354476	45128462	46489613	45595590	47057839	49802225	44907477	48206056	43780117	43646135	48064950	54483052	45086708	43936090	48229928	48360504	44781023	42867381	32437071	33320764	32804609	36996014	32185405	31608970
45479467	46113525	41535718	40150804	24517085	22389263	0	24892391	25303650	29215865	25390845	28661218	31336158	30612975	44650130	45852039	43731653	46460248	48439998	49388462	45271630	48748496	46412349	48231371	49017440	52075649	49557547	58916934	56996728	52019092	48811871	53229616	54662761	50127593	50203837	47722497	43772662	48887268	45182001	45822552	45194269	45277014	48498490	45927551	46074731	46230019	45815918	52275393	50603700	45279922	46368929	51555264	47782360	47858347	46743919	48076682	47863017	48016484	50413058	46430974	49355063	45814802	46083440	48421483	54236089	48351555	46840049	51280279	51606279	47550178	45668836	35877386	36919059	36923224	36867801	35535870	34949349
43823608	47264006	38190717	37567231	20525268	21397998	24892391	0	19324365	25717218	24882294	29450567	23740067	23421994	44700199	46245502	41685838	44498067	47366385	50072973	44619275	48357049	46672570	48260128	49284077	52123190	49944888	57656145	55205419	51040109	47102880	50605795	52421218	47940216	48097174	47690104	42843655	48403247	45297394	46130781	44328898	44171307	49335037	46114416	45685042	47156634	46268207	52968894	50756597	44420845	44935752	51667693	47765977	47760612	47318816	48284589	48130256	48377839	50742045	45593703	48240444	46441187	46764869	49040522	54446912	46196552	45036678	50043892	49947474	45597477	44128647	31210727	32790904	32207653	34693878	30643421	29806476
39133977	46345133	36684518	34250098	20475175	21113063	25303650	19324365	0	22525713	24247455	32149826	23807260	23132925	40795942	42972405	37396707	42038282	43322862	48117470	41805512	46479216	44091401	44614971	45962954	51118123	47971143	52533952	50182364	46401642	42019837	45364574	47168437	43498931	43434289	45920901	39976982	46812632	42588283	42378802	41903259	41837498	47526150	43453361	43247013	43416817	43042378	52331443	49898740	41668542	42245095	50889472	44739936	44804787	43765455	44729772	44612035	46294470	49074156	43144384	46106527	43295220	42687232	47839863	54386487	41928051	41157593	45255793	45257279	41783782	40040822	29757058	31197399	29997530	35588265	28898954	28407495
33799732	47431158	38605167	33713377	23586574	24635426	29215865	25717218	22525713	0	23598192	36241751	25886281	24829702	37558941	40368660	33947444	40388829	38993149	46789931	40288151	46317755	42482812	41559004	43430989	51871684	47363166	46637197	44410003	42140155	37079984	38601719	40835368	39045110	38590938	45461266	38524203	46881263	40913156	38785815	41524984	41615793	46687137	42108632	42531160	39802754	40466827	53214882	50738325	39588029	40825340	51420085	43036243	43288818	40646042	41999859	41728400	46036035	49437483	42135719	46469872	40711113	38584377	47970226	56149988	38055592	38151722	40495430	40526588	39439083	36953309	27112321	28895688	27165163	36723352	27173115	27384936
41700142	46964614	40469313	38049887	24455526	21518598	25390845	24882294	24247455	23598192	0	30632913	27729267	26570492	41636483	43313068	40405660	43908853	45095395	48084587	43388955	47680281	44642640	45473736	46543171	51663732	48350706	55116467	53250459	49044237	45443504	49162739	50770666	46998238	46944306	46513620	41750855	47939293	43227802	42668475	43684780	43719047	47652553	44438224	44776688	43541644	43357997	52265454	50407825	42890961	44151804	50814337	46287443	46327716	44455994	45941113	45285538	47088159	49854741	45165025	48546866	43309597	43112145	47797196	54524552	45730218	44607860	48155726	48496418	45326817	43205489	31169637	31645804	31405135	36248792	30724733	30267414
56141365	51279375	46291630	47735886	31169149	30513853	28661218	29450567	32149826	36241751	30632913	0	29798226	29795247	55511802	56208455	53491485	53975630	58365276	57243108	53745596	56093450	55321443	58169659	58559936	57992581	57185617	70481020	67971204	62813390	59703017	64247478	65668901	59948065	60345221	54741575	52056018	55490518	53998201	56300934	52872395	52853880	56502686	55021413	54576825	57139825	55809488	57952251	56619800	53518452	54177687	57298394	56864406	56780639	57112377	58061938	57751307	56033238	57591076	54282564	56651751	55905356	57156182	55440505	58671615	57875405	55927027	62137673	62116385	56537390	55387256	37627364	39672015	40183216	32256941	38005794	36727155
44900503	48877165	38543778	37644782	25506079	27705253	31336158	23740067	23807260	25886281	27729267	29798226	0	16142911	46446426	48316409	42558477	45569274	48324194	51250412	45363252	49297266	47804555	49112745	50150636	53024607	50892725	58427784	55545366	51748184	47279725	50095450	52263283	47880985	48013371	48731995	43639190	49331582	46509791	47718732	45044029	44970040	50820212	47431539	46832605	48690547	47872556	54494909	52231018	45306156	45650425	52882988	48557300	48647605	48747303	49525472	49352007	49538332	51923072	46491014	48992331	48233820	48312400	50526777	55879059	46167207	44919141	50494469	50372635	46038010	44650908	25142808	28001657	26987238	28824399	24460502	23322279
43891490	48457248	38151157	36644181	25204156	26753894	30612975	23421994	23132925	24829702	26570492	29795247	16142911	0	45308605	47203646	41382190	44766265	47206611	50217823	44400163	48446843	46632082	47775568	48836023	52246630	49829378	57421337	54599261	50813133	46257788	49327853	51364742	47131626	47173422	47862834	42581243	48580345	45383776	46324805	44084014	44153047	49870527	46283146	45864082	47205994	46609487	53774422	51547611	44316661	44764490	52141355	47557475	47600480	47534496	48421759	48030226	48493067	50992141	45629905	48318434	46878145	46801491	49666952	55315752	45356874	44071202	49515462	49412872	45227421	43694551	24644297	27544700	26470617	29140054	23787679	22627968
36750215	48241095	42568254	38159390	43534981	42444857	44650130	44700199	40795942	37558941	41636483	55511802	46446426	45308605	0	24921333	24375895	28356112	30146274	45898400	40162188	45175658	41298329	41622915	43245716	51468767	47066057	50070760	48884864	45562678	41827245	44546238	45992423	44595813	44097977	42410279	36703726	43875970	37895329	32547518	39619405	39681856	44981316	40763781	41204181	38362257	39122440	51452351	49077636	37935832	39511249	47964532	44565564	44885227	40892191	42400654	42136943	46565556	49728622	41977538	45406707	39042556	37600488	46095781	54127909	42126141	41949307	43690211	44207647	42475384	39983220	43190022	42767571	41560860	51909731	42274574	42495001
40409734	48749970	43956821	40461759	45360714	44044956	45852039	46245502	42972405	40368660	43313068	56208455	48316409	47203646	24921333	0	26859952	28469777	32143111	46735057	41783249	46104343	42636866	43515214	44834165	51954634	47997942	54354011	53304399	49471711	46104088	49182469	50586352	48527456	48113972	43035468	38129977	44308901	39144582	34245217	40914444	41026499	45785657	42148892	42525046	40118918	40626953	51438362	49299415	39239993	40765944	47672833	46641771	46931682	43258998	44918703	44006606	47788055	50784875	43471781	46641316	40534475	39659515	46451784	53884474	45505380	44953578	47507860	48047866	45497143	43094945	45297453	44933018	43944569	53046400	44508977	44664070
33515578	48577088	40090773	34877043	39801542	40217386	43731653	41685838	37396707	33947444	40405660	53491485	42558477	41382190	24375895	26859952	0	26709801	27618805	44516901	37713641	43982087	39990024	39703854	41534933	50319798	45856462	46374183	44420395	42528251	37104572	38499673	40490132	39975810	39336650	41038634	34178545	43131707	36812898	31852445	38000430	38140141	43930745	39317620	39665274	36816872	37611719	50557470	47971229	35226773	36828796	47248643	42406397	42617564	39534096	40945531	40178376	45341663	48667573	39472447	43489188	37817341	35840523	45105286	53282326	37906594	38171120	40055096	40328712	39458177	36851397	39629767	39921796	38051419	49392070	39047621	39292128
42621841	50295501	42605650	40257406	42762957	43471719	46460248	44498067	42038282	40388829	43908853	53975630	45569274	44766265	28356112	28469777	26709801	0	31356726	45652576	40953964	45469600	42511689	44755649	45604304	50430357	47452599	57502050	55253954	52376224	47618787	49711232	51701765	49028623	48667241	41508447	37250412	43582990	39336729	36688938	40611825	40918408	44666466	41953293	42165099	41617077	41270698	48977015	47027308	37345536	39058929	45210794	47170848	47051685	45417863	46971448	45116207	47859038	50480582	42096814	45702563	41491686	41782466	44567797	51002377	46414281	45395523	49686931	49850141	46724918	44706124	43496928	43985123	42858474	51008107	43704340	43498789
38664667	53353249	45997224	40759362	45053267	45271605	48439998	47366385	43322862	38993149	45095395	58365276	48324194	47206611	30146274	32143111	27618805	31356726	0	49365036	43241954	49209736	45231739	44675439	46564836	55466157	51022155	51385182	49484258	47899860	42605517	43477924	45577799	45303985	44496837	46258055	40025726	48175162	42244769	36679756	43799313	43960818	48860954	44789427	45233845	41755801	42802058	55334801	52984134	40561690	42208161	51987776	47804524	48066609	44862477	46256768	45189035	50722642	53988128	44980120	49145229	43034404	40808508	50210317	58149353	43415097	43700017	45178559	45553407	45114338	42550684	45083286	45318549	43694660	54606513	44730706	45070257
52003591	57427763	51069834	48381452	49034713	48656213	49388462	50072973	48117470	46789931	48084587	57243108	51250412	50217823	45898400	46735057	44516901	45652576	49365036	0	24212250	24952832	23795271	27977809	27490878	27578791	26195927	64328804	62171816	57447624	52954179	57582588	59297405	54510349	54455737	33227021	31737328	34136304	31488055	37847394	34435713	35099136	30190660	29551003	29990515	31018535	30034076	32073809	30947750	31914920	33418823	33605914	35582392	35255889	35212621	37679982	30911763	32243646	34263798	29354942	32132713	28044916	30857492	26862079	31556577	49802003	47278349	53963271	54334405	48981202	47000778	48658444	49447279	48808348	54718481	48517958	48258437
44639205	52823583	45265180	41709548	43496849	43606909	45271630	44619275	41805512	40288151	43388955	53745596	45363252	44400163	40162188	41783249	37713641	40953964	43241954	24212250	0	22525212	21449051	24402657	24927796	27637751	25383989	56668948	54515214	49936678	45136133	49606042	51447399	46981667	46855631	30907359	26720042	31441774	28200661	33550802	29819747	30400718	29440808	26635319	26407867	28018221	27105554	33225819	30874426	27967450	28866275	33930894	30521502	30309637	30663801	32635008	27218397	29402534	32029018	25076330	28260923	25796582	27275968	27153539	33408389	42064753	40066287	46396883	46638491	41872390	39809332	42879108	43796523	42589378	50111243	42611234	42497969
51722625	55958817	49194330	46721964	47860597	47767117	48748496	48357049	46479216	46317755	47680281	56093450	49297266	48446843	45175658	46104343	43982087	45469600	49209736	24952832	22525212	0	20950589	26821745	26505596	25542241	24606719	64023576	61818720	56505292	52188889	57434832	59127041	53688933	53813081	32714317	30725996	30981916	29975923	37677756	32195331	32857322	29960464	27025201	26589375	30674747	29259378	31065527	29141724	31852026	31301935	32803304	33947400	33657933	33741985	35738294	30009685	29710208	31596922	27212498	27642405	27549536	30202278	25705005	30033171	48583167	46030173	53117391	53446585	47429206	45772966	47663520	48685393	47837340	53278335	47463102	47039765
47284334	54765326	47677701	44150609	45591504	45094568	46412349	46672570	44091401	42482812	44642640	55321443	47804555	46632082	41298329	42636866	39990024	42511689	45231739	23795271	21449051	20950589	0	24233240	24332671	27049376	24252932	59458387	57356135	52687543	48095832	52533609	54348850	49909956	49781804	31773046	28753949	31079281	27585022	33745447	31070954	31765793	28180125	24631594	24998802	26249138	25665243	31155780	29405163	29452513	29878014	32927465	32303919	32110854	30526330	33030867	27065454	28970213	31486467	26237283	27708660	23678805	25551953	24862990	31404764	45484300	43212030	49242510	49636958	44740575	42606969	45067465	45867914	44891113	52385596	44719081	44509502
44910326	56513912	48902347	43759773	46819680	45936412	48231371	48260128	44614971	41559004	45473736	58169659	49112745	47775568	41622915	43515214	39703854	44755649	44675439	27977809	24402657	26821745	24233240	0	18285033	28221876	23923982	56107637	54069225	50134995	45115346	48869113	50751564	47514444	47127074	36651094	31828677	36793793	31790810	32900557	33422006	33892455	35939541	31958876	32633016	28593352	29252499	40406658	38412581	33888699	34721426	40315057	33099367	32973644	30747750	33270891	24715444	31258883	34397009	32242873	35175472	26940197	26500685	33607876	41377610	42960184	41171486	46439458	46530696	42681499	40247611	45683863	46061490	44564593	54579880	45073849	45165294
47321729	57294829	49947678	45315934	47895077	46987275	49017440	49284077	45962954	43430989	46543171	58559936	50150636	48836023	43245716	44834165	41534933	45604304	46564836	27490878	24927796	26505596	24332671	18285033	0	26898905	23124971	58664054	56599340	52336362	47542209	51548598	53368969	49603213	49358467	36561283	32600524	36713630	32242897	34229542	33839369	34442176	35706088	32262635	32991427	29574993	29914718	39405937	37596910	34438452	35368565	39379722	33811364	33654761	31656253	34396758	25371123	31062232	33927302	32796528	35351313	27397836	27907218	32860339	40047261	45116265	43007645	48710825	48916917	44509048	42194620	46896818	47247729	46045770	55191755	46323018	46399469
57854108	59140246	52935849	51770055	52129400	51821820	52075649	52123190	51118123	51871684	51663732	57992581	53024607	52246630	51468767	51954634	50319798	50430357	55466157	27578791	27637751	25542241	27049376	28221876	26898905	0	21507002	69922379	67633527	61660213	57840818	63688395	65226974	58809240	59117870	36852406	36520095	36440779	36053964	43441821	35717752	36379999	36331401	35533194	35328292	38930312	37210129	34957346	33841961	38515493	38900516	35597201	37160661	36689056	38178228	40077323	33557050	30602059	31409293	34763647	35622338	35055031	38570483	30085760	32583070	53697802	50478406	58552456	58856562	51593363	50277449	51720937	52604904	52296493	55707952	51596969	50992626
52747828	57532178	50759057	48186735	49216558	48750502	49557547	49944888	47971143	47363166	48350706	57185617	50892725	49829378	47066057	47997942	45856462	47452599	51022155	26195927	25383989	24606719	24252932	23923982	23124971	21507002	0	64718171	62501703	57197491	52892720	58056423	59735690	54301754	54364580	35506106	33681333	35234509	32967276	38698125	33680246	34294073	34661249	32612846	32935314	34210088	33264067	35457544	34084843	35637585	36385442	35911771	34526279	34191126	34065526	36455323	29451136	28928909	30778713	32946449	34523868	30975071	33386101	29616606	34582178	49538024	46676062	53875772	54175756	47866781	46167997	48565803	49381286	48718023	54565052	48361463	47948226
42821305	65672615	59015440	52357034	55611151	55411431	58916934	57656145	52533952	46637197	55116467	70481020	58427784	57421337	50070760	54354011	46374183	57502050	51385182	64328804	56668948	64023576	59458387	56107637	58664054	69922379	64718171	0	41122808	39723820	36461053	36641788	38757497	39270703	38355491	64359861	55951076	66277974	58636699	53399776	59217253	59116418	65248084	59740415	60272895	55299871	56820488	73425711	70680466	57343840	59144511	72263976	55526966	55966283	51748197	52397796	54896729	61157570	64815810	59170724	63864029	56699090	52763002	67449419	76452205	46891001	49509551	46418221	46472665	50019928	47332436	53900156	52922901	50949146	64576293	52784896	53446685
41605369	64331979	56652168	50074830	52652301	53132073	56996728	55205419	50182364	44410003	53250459	67971204	55545366	54599261	48884864	53304399	44420395	55253954	49484258	62171816	54515214	61818720	57356135	54069225	56599340	67633527	62501703	41122808	0	37592120	33659823	33989360	36408081	35993541	35186383	62258143	53905732	64118946	56777263	51931802	57151347	57059848	63137794	57681787	58159267	53461175	54930926	71262451	68503472	55259356	57074249	70144692	53025584	53514539	49904645	50394774	52706877	58708322	62294980	56962764	61598383	54843736	50979386	65336927	74189399	44800423	47271643	44717163	44734445	48223910	45594898	51393558	50765797	48587898	62124765	50649556	51244349
40344937	58590485	52082254	46316232	49467979	49077169	52019092	51040109	46401642	42140155	49044237	62813390	51748184	50813133	45562678	49471711	42528251	52376224	47899860	57447624	49936678	56505292	52687543	50134995	52336362	61660213	57197491	39723820	37592120	0	29278323	34520610	36192227	30104409	30061799	57663017	49919848	59081456	52642065	48941328	52355295	52217352	58659456	53419187	53610137	50432233	51354034	66002879	63225608	51895220	53353155	65124630	46923078	47304273	44824197	45252200	47997967	51994582	55296722	52636744	56674071	51144876	48163988	60192383	68448245	43040679	44526063	43469041	43602327	45080162	42607712	48114954	47521371	45742060	57238399	47104236	47573811
35878744	56896806	48546561	41518237	44616010	45126784	48811871	47102880	42019837	37079984	45443504	59703017	47279725	46257788	41827245	46104088	37104572	47618787	42605517	52954179	45136133	52188889	48095832	45115346	47542209	57840818	52892720	36461053	33659823	29278323	0	27750771	30301516	25784658	25401164	53690128	45383171	55406943	48384840	44564487	48423566	48370969	54319627	48781320	49102208	45338244	46579273	62234022	59446817	47128373	48750870	61436327	41820493	42274012	40070634	40618513	42877522	47399569	50953849	48062857	52356224	46568731	43036685	56216702	64982574	37754022	39437566	38397854	38517720	40718285	38057149	43494453	43533856	41295423	54145660	42755855	43317272
36165215	61715527	52585488	44908968	46496401	48629101	53229616	50605795	45364574	38601719	49162739	64247478	50095450	49327853	44546238	49182469	38499673	49711232	43477924	57582588	49606042	57434832	52533609	48869113	51548598	63688395	58056423	36641788	33989360	34520610	27750771	0	28911791	30631953	29500363	57903049	49034106	60069672	52169349	47035592	52944491	52991958	58526924	52797421	53477891	47865949	49911168	67133705	64379710	50108976	52153797	66143018	48284812	48747661	45166921	45989128	47653089	54385192	58269738	52156404	57144849	50015226	45379878	61046109	70432619	38954847	41658759	39230255	39115749	43520026	40657506	45805210	45669303	42891348	58041369	45732922	46389897
38087300	62712168	54070669	46779301	49064912	50350120	54662761	52421218	47168437	40835368	50770666	65668901	52263283	51364742	45992423	50586352	40490132	51701765	45577799	59297405	51447399	59127041	54348850	50751564	53368969	65226974	59735690	38757497	36408081	36192227	30301516	28911791	0	33269834	32213794	59532396	50860711	61573563	53806158	48717919	54474254	54464525	60346039	54662528	55252512	49940028	51766013	68738100	66008137	52028541	53988516	67604667	50155459	50596190	46898646	47611473	49498686	56056305	59826701	53976081	58850026	51806833	47393451	62641548	71855206	41163698	43844282	41338920	41344180	45332273	42526937	48066671	47835954	45214389	59651178	47643987	48274644
38650714	57943474	49549811	43628297	45270642	46319838	50127593	47940216	43498931	39045110	46998238	59948065	47880985	47131626	44595813	48527456	39975810	49028623	45303985	54510349	46981667	53688933	49909956	47514444	49603213	58809240	54301754	39270703	35993541	30104409	25784658	30631953	33269834	0	25640764	55348658	47446631	56953811	50491332	47288283	50244308	50193425	56000203	50832704	51035088	48011886	48881533	63398416	60668673	49042801	50670306	62707089	43283575	43656818	42097798	42628557	44846302	48452745	51781343	49807663	54116854	48808063	45824901	57547454	65891500	40467846	41770502	41658476	41558736	42984817	40577857	44507461	44519538	42431707	54365934	44212233	44577830
37908358	58136312	49665091	43379193	45200698	46333436	50203837	48097174	43434289	38590938	46944306	60345221	48013371	47173422	44097977	48113972	39336650	48667241	44496837	54455737	46855631	53813081	49781804	47127074	49358467	59117870	54364580	38355491	35186383	30061799	25401164	29500363	32213794	25640764	0	55276608	47174573	56988589	50310212	46808803	50239068	50217535	55923457	50666312	50957458	47463392	48592199	63593172	60826981	48699719	50369240	62837047	43510859	43900382	42067896	42587655	44770826	48941101	52356325	49659737	54085126	48558767	45307343	57660394	66216378	39738136	41264514	40796788	40718938	42692407	40155827	44399599	44406474	42174797	54690390	44101923	44593832
49803976	53103574	46634857	44711281	47095332	46822246	47722497	47690104	45920901	45461266	46513620	54741575	48731995	47862834	42410279	43035468	41038634	41508447	46258055	33227021	30907359	32714317	31773046	36651094	36561283	36852406	35506106	64359861	62258143	57663017	53690128	57903049	59532396	55348658	55276608	0	24258871	26486493	25363134	32148525	25848982	26424817	33853843	32910762	32887312	34972562	33716895	35252590	33804393	27624007	29150078	27774219	43130143	42990024	42833256	44630239	40051378	40587727	42684765	33152071	35890182	33590771	35944511	31299796	35518132	45754148	42647330	51031196	51279630	44242175	42666539	46874433	47771804	47079169	52242384	46806411	46385340
41901255	49618269	41888726	38514790	41856821	41800941	43772662	42843655	39976982	38524203	41750855	52056018	43639190	42581243	36703726	38129977	34178545	37250412	40025726	31737328	26720042	30725996	28753949	31828677	32600524	36520095	33681333	55951076	53905732	49919848	45383171	49034106	50860711	47446631	47174573	24258871	0	25403834	22602879	27418472	22521677	22894590	32499576	29694755	29556127	30446335	29704612	36299631	34004176	24044580	25658095	29727892	38139716	37996065	37434647	39197446	35029163	37539446	40352168	29361200	32947367	29715812	30776018	31152295	37521589	38032917	35696241	43108445	43232197	37412388	35436360	41317438	42242785	40950924	48542177	41004454	40823823
51675131	53685067	47361672	45777140	48255129	48027379	48887268	48403247	46812632	46881263	47939293	55490518	49331582	48580345	43875970	44308901	43131707	43582990	48175162	34136304	31441774	30981916	31079281	36793793	36713630	36440779	35234509	66277974	64118946	59081456	55406943	60069672	61573563	56953811	56988589	26486493	25403834	0	24765375	33273708	25838569	26292094	34495234	32468819	31838743	35716211	34261274	35191657	33339300	28839056	27964017	26938104	43925956	43871877	43245261	44759236	40735295	40491136	42469132	33374370	34572507	34340658	36630020	31337655	34971469	46891411	43768963	52392559	52526435	45000192	43644168	48092746	49144293	48431734	52912641	48036928	47592973
44592662	51809038	44668883	41493227	44496118	43813622	45182001	45297394	42588283	40913156	43227802	53998201	46509791	45383776	37895329	39144582	36812898	39336729	42244769	31488055	28200661	29975923	27585022	31790810	32242897	36053964	32967276	58636699	56777263	52642065	48384840	52169349	53806158	50491332	50310212	25363134	22602879	24765375	0	27562085	24227330	24879129	32109695	29103228	29492410	29645960	29208997	35308864	33523527	25543937	26197712	28114119	39794333	39886514	37330226	39538091	35208080	37540593	40231967	31175089	33771528	28751363	30165773	30064700	36564706	41880008	39400372	46110436	46339894	40610491	38641733	43768441	44448764	43396199	51075820	43379897	43175378
39533085	51250961	44375260	39633088	44977585	43530777	45822552	46130781	42378802	38785815	42668475	56300934	47718732	46324805	32547518	34245217	31852445	36688938	36679756	37847394	33550802	37677756	33745447	32900557	34229542	43441821	38698125	53399776	51931802	48941328	44564487	47035592	48717919	47288283	46808803	32148525	27418472	33273708	27562085	0	28669207	28982072	38811318	35036797	35965797	31164053	32319376	44159547	42166184	30751932	32535213	37942546	42360244	42561585	38443949	40456124	36093357	42216620	45502950	36959810	40516297	31675384	30504770	38474815	46551877	39623101	38117231	42700803	42827995	39129632	36620624	43912970	43830255	42568476	52956511	43198796	43284687
44712652	49352626	41903199	39443295	44123794	43718988	45194269	44328898	41903259	41524984	43684780	52872395	45044029	44084014	39619405	40914444	38000430	40611825	43799313	34435713	29819747	32195331	31070954	33422006	33839369	35717752	33680246	59217253	57151347	52355295	48423566	52944491	54474254	50244308	50239068	25848982	22521677	25838569	24227330	28669207	0	19296763	35970811	32969740	32502666	34306288	33322547	38236472	35953311	28893995	29473638	30853249	40485059	40533436	39791140	41310837	37454008	38100701	40550041	33227043	35442190	33113869	34420691	33075676	38748954	38555562	35365504	44417058	44429556	36293433	34786631	43216403	44143024	43007283	49506750	42854067	42462306
44588159	49145871	41748876	39420410	44172629	43795081	45277014	44171307	41837498	41615793	43719047	52853880	44970040	44153047	39681856	41026499	38140141	40918408	43960818	35099136	30400718	32857322	31765793	33892455	34442176	36379999	34294073	59116418	57059848	52217352	48370969	52991958	54464525	50193425	50217535	26424817	22894590	26292094	24879129	28982072	19296763	0	36605810	33479881	33036677	34859183	33819364	38973347	36608424	29420486	29949511	31492064	40857330	40939093	40167157	41621094	37931865	38585770	41077256	33674196	35839345	33644454	34957800	33882131	39494957	38355205	35200657	44205943	44219259	35952928	34532610	43220928	44106219	43076416	49422325	42848158	42485629
51987273	56962345	50803318	48255992	48249783	47956965	48498490	49335037	47526150	46687137	47652553	56502686	50820212	49870527	44981316	45785657	43930745	44666466	48860954	30190660	29440808	29960464	28180125	35939541	35706088	36331401	34661249	65248084	63137794	58659456	54319627	58526924	60346039	56000203	55923457	33853843	32499576	34495234	32109695	38811318	35970811	36605810	0	21700957	22318239	25113801	23585192	23977659	23240462	30750688	31725311	32252768	41476680	41251935	40631895	42834186	37704157	38721822	40878886	25417900	26453001	24680504	28152004	22380401	27055985	50429485	47986481	54483169	54965243	49575510	47601272	48460228	49319683	48775456	54138933	48493564	48159535
46899544	54636848	47502953	43854363	44892672	44700796	45927551	46114416	43453361	42108632	44438224	55021413	47431539	46283146	40763781	42148892	39317620	41953293	44789427	29551003	26635319	27025201	24631594	31958876	32262635	35533194	32612846	59740415	57681787	53419187	48781320	52797421	54662528	50832704	50666312	32910762	29694755	32468819	29103228	35036797	32969740	33479881	21700957	0	17387496	20935870	19933539	25165392	23510963	28934065	28967712	33028373	37878471	37771530	36105686	38289549	33850760	35848243	38530473	22974883	22253700	21043829	23448487	22255156	28893306	45243016	43132734	49017576	49449156	44589625	42445971	44728073	45613774	44554043	51956538	44470717	44294700
47416392	54157746	46939795	43695377	44761090	44742246	46074731	45685042	43247013	42531160	44776688	54576825	46832605	45864082	41204181	42525046	39665274	42165099	45233845	29990515	26407867	26589375	24998802	32633016	32991427	35328292	32935314	60272895	58159267	53610137	49102208	53477891	55252512	51035088	50957458	32887312	29556127	31838743	29492410	35965797	32502666	33036677	22318239	17387496	0	22549562	21196653	25267280	23053879	29157379	28670382	32864181	37654777	37601138	36629324	38530171	34505476	35720037	38205129	22252075	20865598	22618739	24892035	22635958	28414194	45213070	43036148	49415108	49744232	44475223	42480631	44748935	45723588	44698951	51386532	44535839	44275344
43062272	55756906	48496433	42983769	45200770	44061600	46230019	47156634	43416817	39802754	43541644	57139825	48690547	47205994	38362257	40118918	36816872	41617077	41755801	31018535	28018221	30674747	26249138	28593352	29574993	38930312	34210088	55299871	53461175	50432233	45338244	47865949	49940028	48011886	47463392	34972562	30446335	35716211	29645960	31164053	34306288	34859183	25113801	20935870	22549562	0	17142071	30676954	29254707	29520455	30770440	36761311	38196437	38164922	34680986	37453159	30654686	37092857	40461487	26175293	28033290	17539029	17610311	26425864	35161916	43468366	42020496	46224996	46606446	43669347	40908305	44710995	45025134	43573357	53923108	44209197	44386498
44327577	54841805	47628008	43143472	44826343	43693765	45815918	46268207	43042378	40466827	43357997	55809488	47872556	46609487	39122440	40626953	37611719	41270698	42802058	30034076	27105554	29259378	25665243	29252499	29914718	37210129	33264067	56820488	54930926	51354034	46579273	49911168	51766013	48881533	48592199	33716895	29704612	34261274	29208997	32319376	33322547	33819364	23585192	19933539	21196653	17142071	0	28043031	26571660	28806794	29730065	34736546	37957814	37837297	35279605	37807936	31104739	36455804	39429960	24630744	26047769	17526968	19177594	24337183	32200341	44035173	42421273	47280811	47581785	43748232	41267896	44336514	44635907	43446308	52679597	43946468	43914383
59707052	60065544	54482277	53633029	52624858	52289476	52275393	52968894	52331443	53214882	52265454	57952251	54494909	53774422	51452351	51438362	50557470	48977015	55334801	32073809	33225819	31065527	31155780	40406658	39405937	34957346	35457544	73425711	71262451	66002879	62234022	67133705	68738100	63398416	63593172	35252590	36299631	35191657	35308864	44159547	38236472	38973347	23977659	25165392	25267280	30676954	28043031	0	18497623	34331929	34289356	28881563	46474167	46046488	46603644	48639109	42539252	41221261	42326489	28848015	28099912	29059161	34154981	19362642	19916082	57210622	54085918	61884310	62331616	55268191	53788609	53367419	54346882	54225745	56716784	53558511	52912738
57028473	58178837	52243668	51162066	50454463	50328569	50603700	50756597	49898740	50738325	50407825	56619800	52231018	51547611	49077636	49299415	47971229	47027308	52984134	30947750	30874426	29141724	29405163	38412581	37596910	33841961	34084843	70680466	68503472	63225608	59446817	64379710	66008137	60668673	60826981	33804393	34004176	33339300	33523527	42166184	35953311	36608424	23240462	23510963	23053879	29254707	26571660	18497623	0	32315404	32012761	28378260	44132186	43804549	44437975	46278608	40616733	39350940	40636202	26465938	25629679	27659586	32379520	19003677	20284339	54299805	51362407	59109303	59460827	52462262	51024764	51141554	52147825	51807300	54852843	51276074	50690129
43557585	52308089	44547694	41223332	42955233	43168611	45279922	44420845	41668542	39588029	42890961	53518452	45306156	44316661	37935832	39239993	35226773	37345536	40561690	31914920	27967450	31852026	29452513	33888699	34438452	38515493	35637585	57343840	55259356	51895220	47128373	50108976	52028541	49042801	48699719	27624007	24044580	28839056	25543937	30751932	28893995	29420486	30750688	28934065	29157379	29520455	28806794	34331929	32315404	0	23874817	28395502	40161688	39972127	38930761	40859422	36376439	39677736	42423950	29110848	33071793	29156722	30431374	29772213	35951403	42282259	40477207	46530063	46686479	42203334	40181842	42682804	43423603	42349630	50216889	42607050	42495259
45227612	52907596	45048411	41822349	43839632	44241288	46368929	44935752	42245095	40825340	44151804	54177687	45650425	44764490	39511249	40765944	36828796	39058929	42208161	33418823	28866275	31301935	29878014	34721426	35368565	38900516	36385442	59144511	57074249	53353155	48750870	52153797	53988516	50670306	50369240	29150078	25658095	27964017	26197712	32535213	29473638	29949511	31725311	28967712	28670382	30770440	29730065	34289356	32012761	23874817	0	28194127	41080571	40997538	40196346	41670693	37502628	40231543	42842033	29449899	32050854	30383327	31674253	30214714	35711558	43747670	41946126	48046970	48252040	43385505	41590243	43747997	44679416	43454027	50981698	43608381	43463904
57376315	57508523	51389590	50756100	51419161	51161717	51555264	51667693	50889472	51420085	50814337	57298394	52882988	52141355	47964532	47672833	47248643	45210794	51987776	33605914	33930894	32803304	32927465	40315057	39379722	35597201	35911771	72263976	70144692	65124630	61436327	66143018	67604667	62707089	62837047	27774219	29727892	26938104	28114119	37942546	30853249	31492064	32252768	33028373	32864181	36761311	34736546	28881563	28378260	28395502	28194127	0	47748518	47470097	47519519	49410952	43839125	42669772	44006704	34496254	35911437	34892254	38967492	26770923	28342053	54324015	51030975	59406875	59800951	52127656	50801074	51760652	52706345	52529112	55709983	51936588	51296957
47301501	56761857	49369490	45211882	46575533	46347043	47782360	47765977	44739936	43036243	46287443	56864406	48557300	47557475	44565564	46641771	42406397	47170848	47804524	35582392	30521502	33947400	32303919	33099367	33811364	37160661	34526279	55526966	53025584	46923078	41820493	48284812	50155459	43283575	43510859	43130143	38139716	43925956	39794333	42360244	40485059	40857330	41476680	37878471	37654777	38196437	37957814	46474167	44132186	40161688	41080571	47748518	0	20179747	24400939	26276512	25588369	22455926	24908908	36650162	39319519	36742406	36718546	40589691	47162361	46773149	45454515	49884759	50285681	47152596	44909148	46236020	47067449	45749986	53412295	45684090	45653091
47699764	56926604	49434761	45395845	46552430	46354476	47858347	47760612	44804787	43288818	46327716	56780639	48647605	47600480	44885227	46931682	42617564	47051685	48066609	35255889	30309637	33657933	32110854	32973644	33654761	36689056	34191126	55966283	53514539	47304273	42274012	48747661	50596190	43656818	43900382	42990024	37996065	43871877	39886514	42561585	40533436	40939093	41251935	37771530	37601138	38164922	37837297	46046488	43804549	39972127	40997538	47470097	20179747	0	24381658	26449709	25307760	22134167	24505771	36459325	39290664	36589667	36786949	40252536	46611010	47166588	45795108	50334624	50734100	47464077	45221823	46417985	47128846	45881657	53422408	45853659	45806938
43332844	55847998	48840905	44256497	46238058	45128462	46743919	47318816	43765455	40646042	44455994	57112377	48747303	47534496	40892191	43258998	39534096	45417863	44862477	35212621	30663801	33741985	30526330	30747750	31656253	38178228	34065526	51748197	49904645	44824197	40070634	45166921	46898646	42097798	42067896	42833256	37434647	43245261	37330226	38443949	39791140	40167157	40631895	36105686	36629324	34680986	35279605	46603644	44437975	38930761	40196346	47519519	24400939	24381658	0	24713035	24236496	25042131	28069419	36837425	39687426	33539085	32814515	40084388	47969142	44790748	44107200	46706332	47138436	45075079	42502603	44983249	45229948	43936175	53436458	44202081	44387928
44440647	56511451	49652596	45248510	47324387	46489613	48076682	48284589	44729772	41999859	45941113	58061938	49525472	48421759	42400654	44918703	40945531	46971448	46256768	37679982	32635008	35738294	33030867	33270891	34396758	40077323	36455323	52397796	50394774	45252200	40618513	45989128	47611473	42628557	42587655	44630239	39197446	44759236	39538091	40456124	41310837	41621094	42834186	38289549	38530171	37453159	37807936	48639109	46278608	40859422	41670693	49410952	26276512	26449709	24713035	0	27327557	27611610	30362250	38491234	41018325	36319230	35531032	42400677	49825725	45515753	45031685	47432217	47912795	45893222	43486542	46186122	46433525	45124796	54235523	45464890	45530705
45357820	57195528	49530601	44643459	46751294	45595590	47863017	48130256	44612035	41728400	45285538	57751307	49352007	48030226	42136943	44006606	40178376	45116207	45189035	30911763	27218397	30009685	27065454	24715444	25371123	33557050	29451136	54896729	52706877	47997967	42877522	47653089	49498686	44846302	44770826	40051378	35029163	40735295	35208080	36093357	37454008	37931865	37704157	33850760	34505476	30654686	31104739	42539252	40616733	36376439	37502628	43839125	25588369	25307760	24236496	27327557	0	23705989	26757663	34059557	36995082	28896847	28555387	35989246	43618056	45369376	44039796	48136168	48429700	45429669	42972879	45847885	46104260	44741953	54483564	45206163	45264448
51680231	57250551	50052542	47175744	47867781	47057839	48016484	48377839	46294470	46036035	47088159	56033238	49538332	48493067	46565556	47788055	45341663	47859038	50722642	32243646	29402534	29710208	28970213	31258883	31062232	30602059	28928909	61157570	58708322	51994582	47399569	54385192	56056305	48452745	48941101	40587727	37539446	40491136	37540593	42216620	38100701	38585770	38721822	35848243	35720037	37092857	36455804	41221261	39350940	39677736	40231543	42669772	22455926	22134167	25042131	27611610	23705989	0	18260196	35807836	37327851	34559904	36107806	35408761	41065679	50287597	48121827	53836985	54283299	49233982	47369932	47627722	48491093	47667504	53541459	47155520	46780927
